Run,Loc_Score,Angle_Score,stddev,gamma,d_long,d_short,k1,k2,k3,k4
1,7.97378,0.35904,0.1625204007876065,0.7413108934621033,1.458340159203112,0.23724187297596777,0.26921214029249957,0.2423456776342014,0.4382260297841534,0.3879731249339552
2,7.98361,0.31922,0.2900307376806437,0.037063015060485496,1.317384241389124,0.2245800080417106,0.2823589431335104,0.08598312082325489,0.12333007128648156,0.13452819611398087
3,7.9928,0.33517,0.20764268445951423,0.4106751671098399,1.4505096279215064,0.27238892499645134,0.29596749806742756,0.2691504195662829,0.3130732852824822,0.4470959715958538
4,8.04172,0.33377,0.0778800033854667,0.449269619289079,1.1604282926639333,0.3059969855573309,0.35871001891537085,0.2879451480819063,0.0968932960830396,0.0187003827604931
5,7.95976,0.35856,0.1881944164395077,0.44817667744667694,1.4093870578764345,0.24511899601448295,0.30747215931145966,0.4001219392911431,0.0610685794208534,0.20141822106308538
6,7.96267,0.35558,0.07940657509810602,0.047768109255363365,1.3055180436008018,0.2241821870259988,0.3565474388212341,0.3587333495182113,0.17467799486173544,0.18651895922822603
7,7.96237,0.31273,0.10447488244210498,0.5498001388859132,1.4884004156784243,0.2005236815607119,0.19245829528393718,0.1881350497385387,0.3035929923304217,0.03412417730425436
8,7.97341,0.32115,0.16313381333502422,0.13751100074281308,1.02463939908847,0.4454098535560106,0.4659020025734922,0.12797068569108516,0.3137278915320757,0.37170500805155704
9,8.01024,0.33243,0.07343516508124805,0.4759283391399594,1.3451993414566235,0.4790235239909358,0.37177472783933924,0.3439860647460094,0.08146571813578869,0.2868774202203156
10,7.95206,0.35397,0.25645100551528055,0.7070032721043671,1.071752167535209,0.44403537599658977,0.1719273311965272,0.09593281008199836,0.42743130909821997,0.09172298506757663
11,8.00052,0.34887,0.05268328498987582,0.19876366716711968,1.1990565964103996,0.30318378463393825,0.15293305668480348,0.43406398632245624,0.39135591975640976,0.35400959885032074
12,8.00767,0.32966,0.2565071932406631,0.3001310677632577,1.3993110126093788,0.4477250800293286,0.41453704331529034,0.23846431909584606,0.025920964943347564,0.32443568555823366
13,7.98126,0.35375,0.10948830868933745,0.22696553526201396,1.2144573155335663,0.3061622143131042,0.06686660473413777,0.13384411387777273,0.22936782903485997,0.18410641965252186
14,7.98037,0.34159,0.11465612809071343,0.14703825987834582,1.24954710974313,0.38406661975846024,0.15683127477484105,0.3530809968888654,0.2061708938140925,0.2020657296217064
15,8.03039,0.33049,0.2786567512664447,0.5677939733883819,1.433791618273295,0.41354031981257383,0.17716066065119399,0.48241485095846764,0.2210016513316795,0.1467406426368907
16,7.97763,0.35328,0.18440873819427686,0.09008110622583869,1.287252793586702,0.47467640309494086,0.4939401225088638,0.1423765071939485,0.07911286530891713,0.23511736964472527
17,8.02213,0.33795,0.25263886791445206,0.9355190473733743,1.019661695851724,0.265878802669883,0.11081898621345873,0.29322021648381397,0.08751118813100398,0.24393705142833513
18,7.98553,0.32902,0.24583042756114556,0.18173176372109903,1.2544140846021745,0.26673920755393876,0.441484211147214,0.3577500227478661,0.3054707207421045,0.4894847024765
19,7.9779,0.36848,0.11877710536708079,0.8963930063007638,1.2786752826933836,0.24067548386900933,0.10217640280786743,0.44602325733877185,0.49638315574162445,0.11799136018182209
20,8.02588,0.32123,0.05550344934920284,0.2377071576984153,1.2263852483750743,0.4999299067161944,0.11843272403908198,0.14998043294544744,0.4606765291980451,0.01177051451534474
21,8.00085,0.34668,0.11671767568622207,0.5243491082413706,1.4121741651556916,0.46717814455066037,0.40732909836506337,0.10626742044432311,0.1588650442422212,0.4526149836945449
22,7.99347,0.31895,0.18450130105392695,0.38488543585403,1.179989234376223,0.24939648257811114,0.3553858344010518,0.3778268215987046,0.3623250824486779,0.33658813701885215
23,8.07206,0.3551,0.15154986964645015,0.4446783346710656,1.4148533493536553,0.23014778829820917,0.4365614954167097,0.3944604935196773,0.20058318349426343,0.16434931934879268
24,7.9636,0.35278,0.19403384207403926,0.4561602138544605,1.3717701069405774,0.32769058277606655,0.09614533148858788,0.0954534970356447,0.23534795115368315,0.08375780973667658
25,8.03444,0.3543,0.19918135813476398,0.5986569227858154,1.1954489089133158,0.3847700206572894,0.2037199907319166,0.205190450506192,0.278317924954874,0.10679375895874793
26,7.97981,0.35134,0.14751982094129842,0.16539450750747434,1.4133332758457,0.47080181882467487,0.4833007621475882,0.06887002339343087,0.4153217796991865,0.3779517311068106
27,8.01218,0.347,0.21231305085522909,0.6824990883613304,1.2275619894935823,0.38019343092847757,0.253422213131472,0.20497234414670948,0.153725011048397,0.09908352811339766
28,8.00541,0.32618,0.05119758097772968,0.7011542984060612,1.2719188161056325,0.20310536434867213,0.3532870228372701,0.24938232986287318,0.2982424671858477,0.4134650694303341
29,8.00614,0.31474,0.0636423836254371,0.32981130348446785,1.3100645640157176,0.21702723038565291,0.05038417468510711,0.26348285511887026,0.1422277594042116,0.1392061384698245
30,7.98999,0.33744,0.2541694772591793,0.6079640671875173,1.2275481494334082,0.460537215188204,0.47344060031952695,0.4377387604827517,0.3939915230285039,0.2952103579538964
31,8.01108,0.34,0.10749564341759993,0.9177131542443605,1.0587171713916272,0.26853424540055143,0.26405583579516057,0.21058115920627504,0.03872137155527732,0.47597852965892995
32,7.97625,0.33105,0.13262920269333156,0.9687121606299516,1.217110473287079,0.3762444538220505,0.45741928403327087,0.40424113464101463,0.4118221275879075,0.37788126288073187
33,8.02465,0.36926,0.09565032061321048,0.11966198674454014,1.422534585829344,0.2809649492772147,0.27011425436430847,0.24155864082867537,0.29164981497348064,0.027731142212064873
34,7.99407,0.34167,0.15542500765773393,0.6932638778085999,1.22573391529339,0.20662975418123586,0.38053492151971,0.15866676722564174,0.3151475981163878,0.08501268740183576
35,8.01108,0.33973,0.23222402569051956,0.2745546231957721,1.0072058390092362,0.2689080291000017,0.09138718388120434,0.14224876601666758,0.3847983622835797,0.017923801001573883
36,7.98486,0.33887,0.1136480291126684,0.29987884280813953,1.3924755823303592,0.4659891475774835,0.19648200108603295,0.20928702255158416,0.2673741833091961,0.4159068143562323
37,7.98154,0.3446,0.0717813590860708,0.5443682820889568,1.0507683925517934,0.3548290213227922,0.1394964728549475,0.36020689397949524,0.35778170089546973,0.44120519453933843
38,8.02159,0.35279,0.07433192809559536,0.7981885699583272,1.2220150270357488,0.2644733512080961,0.058947387523777206,0.46152898675346954,0.09157406460994844,0.40710784802140615
39,7.94705,0.31895,0.26525872875547135,0.3492867500116608,1.2521108820735178,0.41635452084803315,0.4685368125762009,0.18840217545723306,0.17756145935364365,0.3167835550602604
40,8.01024,0.34468,0.1330914858357505,0.13410646566794446,1.305860334245074,0.2629978495830728,0.48136616599215964,0.23429000594826824,0.08021584368985286,0.3353607594688999
41,7.96345,0.32079,0.11655295827171655,0.8767568696711959,1.108018235858383,0.20944327967657683,0.45139764042650954,0.48595311696538807,0.08815825661346441,0.18646337498997667
42,8.00694,0.33169,0.2508282465072763,0.1989911607686117,1.4445462289292208,0.2423327969387989,0.02823920539859072,0.3229534348135356,0.11527060343260187,0.4158394595712486
43,8.02255,0.34106,0.26496066584086575,0.7017877999999914,1.232572863841985,0.42808332924099424,0.46796741933951314,0.33066118796493527,0.43507304976538896,0.48575074265372997
44,7.98575,0.3216,0.0653529823411409,0.8912253473207795,1.3058251283176332,0.2891370378791627,0.44067587611771136,0.3115390186560672,0.39591909834905886,0.40502538901634333
45,8.03946,0.33791,0.030621581521497493,0.5157679476014325,1.2595786869211671,0.3402869332108254,0.43312673664057794,0.4589952465721264,0.01799920166618739,0.13599837165949022
46,7.98926,0.35063,0.2019784517615084,0.5044500127028526,1.0929642861106164,0.32659053966545015,0.283474225086589,0.3651014586211354,0.2502731524348091,0.4885410163284945
47,7.96159,0.32699,0.06206569957446916,0.9106156585224545,1.419032133438721,0.2945160598076338,0.3611666949740695,0.4393214166639558,0.05751703106590377,0.42333510423836085
48,8.0029,0.3438,0.29906621233725356,0.6326041370869555,1.426397958145584,0.25576298688569665,0.4012658344631402,0.050956806757801724,0.2955608912882645,0.18694321788035762
49,8.01243,0.3216,0.06335525031342734,0.9822912519041453,1.1655569137398811,0.4042493749353062,0.40546157639715175,0.2504120793974652,0.49988297165874246,0.42156534852585326
50,8.00836,0.34441,0.2938200171304725,0.2541009532953432,1.034272024970821,0.23279303796133205,0.47779102354548575,0.4942324477214412,0.3120218072310476,0.11802837395135955
51,8.03388,0.32531,0.06999970791611361,0.6762634764858351,1.0735669029835635,0.23067653817670883,0.0415759834798748,0.4482441942070316,0.11195878753787614,0.17855403724153213
52,7.96093,0.33954,0.28621595956034696,0.7763805488139449,1.3357788333586416,0.36705306442365215,0.134126985527504,0.43275403536741186,0.39323599784468166,0.3445126697084611
53,8.03315,0.34536,0.2895154613531713,0.7911489402259595,1.242859837816947,0.4737260975751039,0.40907949476588756,0.4677595867298294,0.33436356776142645,0.17170861594778516
54,8.03794,0.33828,0.07459272502113325,0.8930624038614184,1.3431695252848117,0.4842339210055637,0.27092117863606835,0.07608301803958346,0.36509504414168636,0.1213342568451229
55,7.96002,0.34465,0.05107200842132586,0.702515592864564,1.4827922665363111,0.25742816558904486,0.22828865062408674,0.2319434885154909,0.4261134281482424,0.10148022677009547
56,7.97467,0.34303,0.18492897995731733,0.5509583327741348,1.2911736765636168,0.2164430878074375,0.33702102498789593,0.1699668224463255,0.3040686288850085,0.06810081875622567
57,8.03323,0.3488,0.2269322181766193,0.36306864290880925,1.2001166958761738,0.22791020362514222,0.2964547210174977,0.4033418005809569,0.15437644971588257,0.3436315102988077
58,8.00581,0.34365,0.022629442715747527,0.4937234112601478,1.2491201509647762,0.25028590559227265,0.1047346986322308,0.25816434322727005,0.23469011050200475,0.0968919272211168
59,8.00516,0.33415,0.15227841770046022,0.3657808440990535,1.3981418910442773,0.40437808869095515,0.18770492865270216,0.2592953439880025,0.23473203264739176,0.1274376185400433
60,8.10707,0.34964,0.2482319031964278,0.829585886491334,1.476492395486433,0.34196298843359774,0.17002134575050185,0.10811369841592253,0.1690744147370044,0.06120003623592674
61,8.01239,0.33136,0.2978691834525215,0.6411144965675712,1.3361128083032245,0.4464653095036915,0.07570328702075839,0.1865457806891582,0.3047009235954157,0.4402849081190418
62,7.97719,0.32217,0.03863842634703289,0.35308384855832203,1.1652110458056861,0.42359811131043135,0.115939277752687,0.4842641115675923,0.0331481203029443,0.35957528083253865
63,7.94851,0.35216,0.17330686998189967,0.06491425835268824,1.3952363682699684,0.45848251288709846,0.3208549259454019,0.14815457845893368,0.3931730716731645,0.2459621852030523
64,7.97915,0.33699,0.12870353587786046,0.27378107908241567,1.316896290253699,0.2980621214778435,0.38991254259880376,0.33925085043310976,0.13955955784144425,0.13922618850471044
65,7.97376,0.36617,0.08293819231905436,0.2780746529388113,1.2960622570887297,0.4403221320834845,0.49406663430004316,0.3227281017657774,0.08774674256490582,0.02437733871767251
66,7.97179,0.31577,0.2003544224506574,0.07613902048293615,1.1376718555155616,0.3829343761005425,0.07214803031307762,0.28049615656865673,0.03812787270248849,0.31711324783672445
67,7.99377,0.3459,0.03572920760537324,0.032911657074995895,1.3494281017330167,0.26534757086291694,0.23373174841553868,0.31309255655376705,0.346306122925214,0.14123694512709786
68,7.979,0.35446,0.06515969020753097,0.5595700490363155,1.365964201976753,0.3952866669381634,0.36775358638486394,0.2804675371457382,0.3478942126831537,0.46292710085567795
69,5.98304,0.3446,0.06150727924684293,0.8675178577802246,1.4125811834208848,0.29310317998398416,0.1162717479466416,0.04713928753470222,0.3090170648182722,0.22241931763470535
70,8.01697,0.3406,0.259700762500989,0.12717214127360565,1.481701791078939,0.41794823077288856,0.4556151315497776,0.17653434920509387,0.4671190728476583,0.3545900619299128
71,8.02601,0.33656,0.2725617577134356,0.027166189457636603,1.1207041425963717,0.2070862262027613,0.38313258612993795,0.42536976015503986,0.16207729417940744,0.02835800985518666
72,7.99941,0.34022,0.19195340456443788,0.6076647088633083,1.156697048616276,0.24741846188097422,0.3024885025716964,0.24035377693361742,0.2210011327641265,0.2310363068040445
73,8.01607,0.35719,0.08280004658401709,0.051815638923029025,1.3491088093961592,0.40232057632653606,0.0719532666127154,0.3877922254249569,0.06265540499606216,0.1951911313733827
74,8.0229,0.34331,0.23805680674840207,0.4396424232169839,1.2235681071833435,0.21849467785886614,0.29091574203273435,0.2605677832037471,0.24873715703347876,0.31141335669514864
75,8.00063,0.32811,0.24318546047722908,0.6063494097890213,1.3153637853009,0.3483268428696031,0.13814730162964287,0.2918311356655863,0.3354180253189189,0.2632442042464357
76,7.98279,0.33327,0.10827501620983371,0.12326188488062813,1.4271568137246793,0.47519983654302655,0.48272772331628433,0.26282532369152345,0.42176536030017275,0.07053774687113444
77,7.92601,0.34148,0.06463810630862625,0.6186315056890684,1.2498180413240654,0.4407639079536696,0.4962018461128999,0.2007049468856629,0.1756565846622335,0.14900535368527798
78,7.96109,0.31189,0.2937435272755729,0.9630864327127254,1.49916110661429,0.2610278739817016,0.4331731238213283,0.30897792078856884,0.42237214675137513,0.3449569344378195
79,8.01618,0.35281,0.18690786515357463,0.4242429633031929,1.4156359854248586,0.354346591644373,0.40691141664417874,0.16433731938868987,0.24815207218890048,0.3364978471756496
80,8.05201,0.3361,0.2625224834828776,0.9890132980794029,1.440107587248764,0.211133983477493,0.38783597859206714,0.41324895113783433,0.24831714929101592,0.49391286097531795
81,7.98098,0.34631,0.16794649064841405,0.9577888845933479,1.0553806021647638,0.4622250816847082,0.30134960979254444,0.16509521035237654,0.11478975996875612,0.49486936046676017
82,7.952,0.34814,0.08176180064852857,0.25822450840179617,1.4666494828661127,0.4257462449081594,0.4847919430210354,0.2992385548899287,0.3283044462602483,0.42867457983249635
1,7.97482,0.37037,0.26208431615565597,0.4282675669369499,1.3091833701709987,0.2535969957398514,0.3895675762607249,0.055312005326710524,0.11318536797778411,0.04128100961677977
2,7.97431,0.33661,0.21383511130156713,0.12608954097523023,1.370089678790679,0.23902844375293636,0.2389490254437463,0.28931349806224094,0.28153672540132835,0.3400255408911168
3,7.99961,0.33059,0.10801742192420984,0.652517898963052,1.4551197166204135,0.20096830162735874,0.1352654060895392,0.18109809053324766,0.141547002645099,0.09448647312658276
4,8.0023,0.33687,0.15984593359916788,0.5030950140475465,1.3799529951745455,0.2496118160982948,0.26306567282925436,0.07216253513728223,0.11710967751935765,0.19048664933974643
5,7.98125,0.33783,0.20398104922747412,0.20546252616205946,1.337015330934286,0.28638903298161217,0.35023752738289526,0.24731573969206222,0.356770267666108,0.23926161739405352
6,7.94902,0.33279,0.2966747080767681,0.7271090871122319,1.3941307823055502,0.2072279310736675,0.2895136163539191,0.19342716751319072,0.24628204795662545,0.05099784344189704
7,7.98551,0.33888,0.16133856561098409,0.905019885485774,1.4192618745126235,0.23126301085014636,0.3940237956509659,0.13665929463980042,0.4078866380219133,0.3450185770506722
8,8.01055,0.34763,0.2823175073924562,0.5793921334493455,1.4652490350470648,0.22271698639082133,0.2346041841726233,0.21441101707648114,0.1436580618127846,0.38709044059027115
9,8.02794,0.33288,0.14191736934328347,0.25520845679750315,1.3027202774630182,0.25052068661964844,0.2079226578203769,0.321341991364269,0.3671711487061392,0.084452488530003
10,8.02341,0.33309,0.24534206180685103,0.8727044454282509,1.468213481597994,0.2274990321884025,0.09035394664798724,0.3346399596109676,0.3957009066947108,0.1957148492621404
11,7.96542,0.33418,0.1982895473581464,0.9497035453515495,1.3601557598434335,0.23247190903201126,0.22344574547717488,0.2525265506828107,0.41724029190916967,0.3962481934187998
12,7.99446,0.33754,0.2980410119040826,0.2924510928280922,1.3481270174218665,0.23780141983759853,0.29402239873008335,0.24810253977693142,0.3172782078491065,0.017266035070927527
13,7.9268,0.32644,0.10980017507645144,0.49021073329727394,1.4631936899408773,0.23246742681619717,0.26399084446987003,0.2776808063401453,0.3143849175130521,0.10994890627593301
14,7.94381,0.34001,0.25953839987522553,0.3327539067030407,1.3630198445994732,0.22986456921092974,0.05898239871742575,0.1529452636482849,0.44646751125483364,0.04866020564009562
15,7.96851,0.31723,0.06274886546405588,0.15098130386898237,1.3244548499879867,0.2965038373660144,0.1006599340448629,0.021877912299652365,0.24385172998707585,0.05929489308151069
16,7.99351,0.33234,0.2630631674718822,0.32871751844471186,1.4315467868480491,0.293734143785503,0.11146438835590877,0.10876037760950566,0.27594124647793433,0.08987937487683319
17,7.91896,0.33671,0.1337781394094844,0.21645467824857237,1.439485255547235,0.20262521494748964,0.1721055423980319,0.24893274128369272,0.33333199514472756,0.19590736319996988
18,7.99862,0.3468,0.1213407879939422,0.5083466935562205,1.305418559230293,0.23305365914884227,0.1458012876646841,0.26146942608625706,0.24238654405703555,0.12326360315260972
19,7.99022,0.34919,0.05599565045946968,0.5740708710207622,1.405516684541696,0.22851069813918126,0.25471488612553767,0.18222800612446977,0.24570821823085828,0.2980552097025474
20,8.06076,0.3628,0.20787151116485442,0.8361346812339191,1.4589579616456076,0.2675126148586209,0.4169098869442411,0.0832489816797605,0.22951693543229654,0.17240554474505576
21,8.01641,0.33448,0.11656150490871671,0.8042126506116616,1.4464864262393193,0.2945142366810625,0.2939356205556089,0.15856766006381331,0.4161926966176147,0.28228834119355684
22,7.97513,0.3183,0.2692626839222254,0.5400312490388111,1.467821290606189,0.22687674996148416,0.3626030372856967,0.3428890339951634,0.3323921297204947,0.23039960999438794
23,8.01905,0.34535,0.08879883250262742,0.5926249853677337,1.448028657444676,0.2034297259408595,0.3714015349778611,0.17500722290779236,0.3739749937708622,0.25312026032027457
24,8.01126,0.32577,0.26420653290176505,0.16179855449620992,1.372476470368761,0.22351213765632894,0.3805029458272244,0.04238684739277029,0.42073918081726325,0.277458798365573
25,7.89313,0.34145,0.21150232133772062,0.44460481412903974,1.4239642261926106,0.2711107359322163,0.32159574804745594,0.1688604766067589,0.3578918938078929,0.2740538850637236
26,7.98152,0.32275,0.214673183340719,0.7004139953440109,1.4322205454574992,0.2240341104253953,0.22386716272885593,0.3416309442231729,0.3362079729976131,0.3487044715669448
27,7.92874,0.338,0.10684532251772748,0.8275720304659202,1.4957896481629294,0.2153632307827081,0.1742367838023624,0.05690356886938312,0.3409176866034863,0.13197492476083098
28,8.07706,0.33483,0.20055762594028753,0.6208776464307174,1.4117809843840976,0.21921284903187963,0.1985484081605503,0.06857705104484717,0.380406156842389,0.09667984424460184
29,8.02452,0.37529,0.24449214191873836,0.5048348551107007,1.327889259744934,0.26113937630163,0.2193830561097581,0.0898897589499735,0.18517190928996297,0.2842370314098972
30,7.90646,0.33749,0.08080478650022517,0.7038145641259813,1.4354658008222363,0.25891459477311574,0.19049706022003915,0.3211768396667932,0.41815761626862624,0.02318218713942851
31,8.03652,0.33231,0.15325329124865533,0.22926377829996555,1.4712141648097892,0.28282618648341407,0.288378263832416,0.3274954625214286,0.3382397312346651,0.28387964442055685
32,8.01661,0.3518,0.05519658095700668,0.7372927588202509,1.360159938416152,0.281933782746862,0.41900723207473595,0.16708243962120664,0.185840611442124,0.1597088883237906
33,7.92814,0.33755,0.2528991819956249,0.1710711705532802,1.4359005911116904,0.2743346241188081,0.11056070629098654,0.22204410773342406,0.32623545140973476,0.03614648149233539
34,8.02402,0.35967,0.2175774612286589,0.6931016678177263,1.4135071724328236,0.2525270961444717,0.1820886480105482,0.2892356671072425,0.2686194875585438,0.2326117179511245
35,7.96427,0.38196,0.27832060437538153,0.36080509592007504,1.394237243531386,0.2562582429773818,0.399533394339469,0.33414526727645777,0.17475895840013508,0.2596717700669168
36,7.94331,0.37258,0.23381460338792348,0.2462429219986405,1.3207953588012307,0.29243364734293503,0.3275603156504276,0.03103301927018682,0.36252472732708474,0.17582342903230133
37,7.92878,0.34232,0.16669839360628436,0.6752165862710534,1.3379072775541407,0.28688127657632245,0.30711994788359875,0.22060369896603366,0.42391462995048346,0.11414986782487932
38,7.98301,0.32033,0.11590149222849007,0.1252961103112769,1.3225222634650426,0.20446925209413777,0.43883758918025617,0.040092403289834364,0.35096080666861595,0.22656563562800816
39,7.96362,0.35013,0.09988088533115248,0.5361668989017022,1.348934009509295,0.2696985623116555,0.06322407418548953,0.34845138075157794,0.24233165414675945,0.0739026357117953
40,7.95815,0.34888,0.08472719837387023,0.7538415648803473,1.4462228688409953,0.2916248943903993,0.13586684671250915,0.16196965168507257,0.4316103852014731,0.37003087010683944
41,8.01294,0.33579,0.2690963037871428,0.21983618818440576,1.4791497515967735,0.24123013977009294,0.34027163138294164,0.30143922449722543,0.40140884926557385,0.06858882213040132
42,8.02744,0.36693,0.06950510071273085,0.4709737131643924,1.4215176308863835,0.2897175777960924,0.3378883681539284,0.18934454002312812,0.3920483593200026,0.15174192530669572
43,8.02879,0.34097,0.07469273128321553,0.8909851253002576,1.4417891566425598,0.24881161150982184,0.27885499538260733,0.26826509472274823,0.23953961208103042,0.2184889771970495
44,8.01862,0.36288,0.14729622985432228,0.2707203454786702,1.3619723969095894,0.2852623721845844,0.11745165190182023,0.09008465286830046,0.3511533493194561,0.3774051765245895
45,7.93826,0.33883,0.161530348857982,0.10270747271240907,1.3976127525010102,0.28386976925669655,0.4357741265054333,0.0735563348496543,0.2618019695708213,0.2447331193314495
46,7.96811,0.37548,0.20102820933384752,0.4361373345063845,1.3956386546923265,0.2163924734096612,0.11879082984596151,0.23680497401870887,0.17421114437109075,0.08466153928824448
47,7.99942,0.37456,0.09616118701185052,0.2650409274734754,1.350306098618943,0.2138445623605518,0.1302238183983238,0.26685331873686824,0.2152608557026793,0.3604744224613257
48,8.04604,0.36148,0.27491476867580616,0.4624317868167198,1.306400145952111,0.24079772476473488,0.3791775942929833,0.10950298932184065,0.42058185458636155,0.031515098751629646
49,8.03053,0.3505,0.14494669138961036,0.8243732491781132,1.3778277350237613,0.29207071236977655,0.4458525930657013,0.03361965708482232,0.19961251879339412,0.2683336013768141
50,7.91998,0.36287,0.2354456069022226,0.8824077222096065,1.3992408302065305,0.24614602176305456,0.44810300894101424,0.24048858306476525,0.29162982158071526,0.35752165388713464
51,7.98683,0.34247,0.2728847969582041,0.3352161893595667,1.3707190259767972,0.29078085516872354,0.4312092051661211,0.1984577967035996,0.1530194866648655,0.25597138487779275
52,8.05566,0.33943,0.06008119572401345,0.20056307945996343,1.3006690943140096,0.29504136833799033,0.20688773570162383,0.012831473766204558,0.3693145042604369,0.3454750922639835
53,7.97105,0.33358,0.2568301859969493,0.8545042935881626,1.4272090665888266,0.26204819549468217,0.0829662853615984,0.29172163240813914,0.20135623290745958,0.19560556562884043
54,7.90253,0.34268,0.18427079849068367,0.8241288003171134,1.414873456199225,0.29963394406117916,0.37042006351277695,0.11932055662144048,0.36578922314870677,0.10259410977581541
55,8.02653,0.33675,0.21075007269683427,0.3978604344322033,1.3829005979748517,0.2676234974456304,0.2792504521182178,0.18850629595494922,0.386372024994854,0.11815138862936816
56,7.99257,0.35308,0.24653147246219587,0.800861267581055,1.3251934506071252,0.22797202176352374,0.2951536931170025,0.1420130723611592,0.35989724262322975,0.048580182371409715
57,8.01089,0.3685,0.11159049263986033,0.6237989715336375,1.3932815378403118,0.27187151625287564,0.4136179585270484,0.0842756165124868,0.3389148442839134,0.07634301575855586
58,7.97199,0.33766,0.06999065139555853,0.2811755828665379,1.3542417268922808,0.23463074820776855,0.15565685790235034,0.33270536498172226,0.3302851810243742,0.025841101137124005
59,7.94638,0.36212,0.12467928371254587,0.7613225733163939,1.3118575625761202,0.27451301124854993,0.10464598746647909,0.14409600781592585,0.33297489984596396,0.058874377040837984
60,7.98454,0.38528,0.10179800852999617,0.8069645989760905,1.425775671281997,0.24657361575776668,0.3396468879960145,0.34087077152122014,0.436984064067629,0.2399806642677038
61,7.92949,0.3481,0.2210713879667074,0.5798679213117391,1.4486305431140098,0.2880525680323491,0.30433375626480874,0.0859452832488107,0.34906241323029064,0.36802859043860453
62,8.00344,0.3404,0.14392566020523562,0.28486192676550787,1.469891054330943,0.2892520405466347,0.27604801303238485,0.06998998574964586,0.2603177001237121,0.3209233516292651
63,8.04465,0.34471,0.12283910619061884,0.48317260700004927,1.3842538725978961,0.2935558638877609,0.050716319293803824,0.28842875240693683,0.3985167124748227,0.3231591761667051
64,7.99706,0.33775,0.20439097922496152,0.84638618815026,1.3981651242383615,0.23423464167638078,0.30109252180892565,0.13117916494373996,0.1120822120004393,0.1569534418120866
65,7.99361,0.32801,0.20752931927527724,0.3423227115619718,1.3365861241067165,0.2596758484398395,0.26702969037069973,0.12084404845986128,0.21593934549756302,0.08589193798655356
66,7.97834,0.33192,0.253267009563752,0.8720852900277416,1.4334285303475045,0.2561181241902785,0.2663528386873439,0.21190780393320519,0.17627781591896535,0.138805085310146
67,7.98816,0.35893,0.18516474039301828,0.9394147190186709,1.3648782201529204,0.2664612457287695,0.09692597374600678,0.08019174746795855,0.29488321520672334,0.3621692443886628
68,8.01715,0.35833,0.11863419270621732,0.3460497535897844,1.4487931194939154,0.21510138145975188,0.4415920970781731,0.210453613238041,0.20956868959869784,0.220257364097394
69,7.9675,0.34315,0.20997820621186958,0.3454210663063913,1.389259742292661,0.28539506634052453,0.29554488793725436,0.334429385927151,0.25947581856315666,0.2268118376118085
70,8.05157,0.3401,0.06800102154884947,0.5216804265452105,1.4392226147681406,0.27680383371482664,0.3118627396521567,0.051327675485600965,0.23995277197095308,0.11335907341276832
71,7.95271,0.33753,0.20882131372590135,0.9111590372840369,1.4475828598108191,0.29990211912855125,0.41832797850838704,0.305110413763,0.42187934401638405,0.2975903842458544
72,8.02413,0.31823,0.22751573836322597,0.8766339679384596,1.37107808752422,0.22979365985731276,0.3003422154038981,0.18474651001319908,0.17548489613706733,0.3440576285112148
73,7.98182,0.36324,0.1007930603469475,0.2841794934624968,1.3354466402072156,0.20422467257219531,0.10177803026149652,0.11111746187406056,0.2610682607033602,0.2665861376130706
74,8.00103,0.34392,0.09558980129994459,0.1830562511992867,1.4243013108808467,0.26174213971955945,0.3584897354602265,0.18435279858678646,0.23913043125766995,0.20168210068303669
75,8.01798,0.33153,0.26340501946035677,0.19931215740581112,1.4668233717922317,0.26303137516070313,0.410101879762397,0.24222525031689415,0.20712370198555066,0.36177247997492284
76,8.04564,0.33949,0.19734309820050772,0.5860478979045137,1.3547499788520398,0.2883672786312668,0.19572518056160154,0.292958827166425,0.12422279460706456,0.08827226880947416
77,7.97193,0.34255,0.12316714175750797,0.8077773382510575,1.4425069732142157,0.27670529603305954,0.43346087054708426,0.14897315949642972,0.12741638141972994,0.34043916987552447
78,8.0502,0.32989,0.13208412154066296,0.6548237151104702,1.4996714583698965,0.27225880090338367,0.15687680421726147,0.05204621199534816,0.16387872627371938,0.35787807342007044
79,8.04484,0.33505,0.2744890725208208,0.2689163984229306,1.4731908533273987,0.27116978754910326,0.1884440839905675,0.23852018699442998,0.351480898737767,0.1165244291090734
80,7.98739,0.32974,0.24679712382857055,0.8131824449617315,1.3272806605127312,0.2978615600233726,0.36427441355442086,0.2827967879873216,0.3061340789841398,0.03345720769451485
81,7.96765,0.31686,0.18830977227015028,0.7313105879746793,1.3078761696795165,0.26457857705145005,0.4467259885918332,0.16350080158559918,0.3226641702813834,0.01694907457815712
82,8.03285,0.33398,0.24191355670921888,0.7215253301462305,1.4681375699422474,0.2042810231375401,0.056220032925561374,0.2828947344326381,0.31841889722761385,0.3995301881123634
83,7.98713,0.34698,0.15058989794492234,0.38792073752352507,1.4308290800126886,0.2951436989161093,0.19970374894365156,0.15384095988016463,0.4341738839442766,0.39876951202799793
84,7.93331,0.37217,0.20928044806206175,0.45568493926733245,1.43526547216172,0.22637177957677881,0.10230128621348517,0.046940095206722834,0.25822231387193484,0.3679385379360615
85,8.04018,0.32021,0.1380540761972352,0.65846788527579,1.4413210929356146,0.2669857161794759,0.42330295771421617,0.0221357225686832,0.15296379439981045,0.13409298557030228
86,7.95339,0.35688,0.21004393260666582,0.3500818595203947,1.4749766398315858,0.279831537398364,0.23529588946056185,0.1873429830940662,0.39632382253003906,0.2519053933609922
87,7.90633,0.32732,0.27751549160995026,0.11740639178554518,1.4594162338546046,0.20120687142321395,0.05128192232067659,0.13075089812728918,0.41299414842004833,0.2932356464445803
88,7.98479,0.36335,0.1338984908783234,0.9009554662341255,1.4365711929871678,0.27007804022284926,0.2603441845017731,0.33140521704009257,0.16112564792582706,0.28521379473104
89,7.96336,0.34339,0.1636664363168669,0.26720643625252916,1.450739582559414,0.2206197792526122,0.3226811095231411,0.2562046898863129,0.2802636256106369,0.20632274265694492
90,7.97941,0.34028,0.2998446605169345,0.6033271406400913,1.3470427770712399,0.20869433616379388,0.2058407043887946,0.04878950572263848,0.10153245177143143,0.32911826968947355
91,7.96762,0.34497,0.13412561074517326,0.7906700219405589,1.4027568276247593,0.23695841599097633,0.3514403515534193,0.03681111591434025,0.3535047412660216,0.2976023761367568
92,8.00549,0.34733,0.29161538093797157,0.8663294720201902,1.4158699957615846,0.24714834380240092,0.273493006892403,0.08105905177330197,0.38969736819388623,0.08369237565009291
93,7.95608,0.34939,0.07525070255838252,0.39572631944373815,1.4991828415454593,0.29040964574225975,0.16972593830922036,0.1172117290645374,0.12819942478031765,0.1475668101639523
94,7.93577,0.34288,0.13074951447478733,0.7983716507524204,1.428172979022966,0.2769781431544022,0.24414272475972887,0.15886003372549418,0.12033259837623697,0.34411215990903354
95,7.98567,0.3211,0.14175438909809224,0.620955039885338,1.4025519460649716,0.22116844766233132,0.14699889065095634,0.337146684172683,0.22046297863797154,0.29026253168306726
96,8.04126,0.33131,0.15424303625843067,0.3372663291508809,1.3648441002086282,0.27197478969989075,0.37170565474052786,0.16435503356451028,0.12327110420398793,0.24166840727608527
97,7.90694,0.34449,0.25172626572646756,0.908272625444615,1.3187632772072078,0.21375311292732987,0.10389462620859016,0.2128937710515481,0.2823344455242083,0.34794305836824474
98,7.94327,0.32222,0.06762572317137676,0.8282581270323912,1.4285716527276806,0.23342888443182158,0.11983910374273568,0.064623644915445,0.23695466703092838,0.1145059796978451
99,8.01538,0.34381,0.18607799773843514,0.3164025829583185,1.4396896834678932,0.21103500550807827,0.40390118598774144,0.22065999521234617,0.38993803317363007,0.3508935153954618
100,8.01286,0.33011,0.2638616842895495,0.6909958113568097,1.3334271590036233,0.2550610960622714,0.05021541352482983,0.2789487802267866,0.16053828496154737,0.32898747443744586
101,8.05329,0.3395,0.1154999810133205,0.743475914694735,1.397969043919218,0.2429936775016201,0.3535781813524207,0.20695018111043925,0.4041370489152487,0.08321408463174643
102,7.98064,0.33784,0.08102900752236893,0.652509549639541,1.3954978614201132,0.2537236880330879,0.28201282778336545,0.19978583264696903,0.2464424413223424,0.22653080390675337
103,7.95283,0.33312,0.24102114920819973,0.5906379233450225,1.3120292322508669,0.21668149993695707,0.2369415267077738,0.2518467660438472,0.29187498740554346,0.021901658166906153
104,8.03203,0.33397,0.1772655524069956,0.3871677800370591,1.4871208999909198,0.2675427074408861,0.051863612885208625,0.03279092345772714,0.2059611462978225,0.01519627087422818
105,7.98139,0.33546,0.2769119434448835,0.8040711734155137,1.4180582437239506,0.26021809840446464,0.10813729210825783,0.1581635576807141,0.1279865178435028,0.207884980281238
106,8.08358,0.31188,0.2076770973472799,0.21169764964590343,1.3993797137611157,0.2252019176270482,0.2264027701912587,0.10678623470032204,0.1715971753171203,0.23666016684034688
107,7.95629,0.34418,0.266390230235519,0.5269923208889067,1.4172823458721122,0.266261452880192,0.05438290689752301,0.03562612262961805,0.38525798858876037,0.33892331388607017
108,7.96246,0.3448,0.1420263548820862,0.6998571085828559,1.3368061113185405,0.21322764835662633,0.4311946338268637,0.3478833541490804,0.2544449173113864,0.07698969058648673
109,7.9469,0.319,0.21239820506138035,0.4283165847036673,1.3015548191757975,0.22577837645898274,0.07913631496752682,0.12400260497612556,0.3096921169342955,0.18841000166635846
110,7.99908,0.36814,0.10167086706514263,0.6675004911223206,1.4581827068028828,0.24981969407762988,0.11544950746381916,0.1975578866199664,0.17002699012258907,0.0959313885443067
111,7.93514,0.35476,0.08851076408033297,0.2372746510177757,1.4110372853443225,0.29599143101925024,0.062454409124978974,0.18156784228950107,0.32368987853836606,0.294408917797201
112,8.02645,0.32416,0.059639630344909,0.2945924569739461,1.317878149613966,0.2388624114260583,0.19350549400428835,0.26197543851955,0.11980535614509524,0.13615156828111866
113,7.99407,0.3246,0.13205260931689772,0.6232820159150083,1.3268985929118353,0.27591368841125186,0.4223566900885522,0.09240207205230208,0.43561560047422176,0.22549095551468296
114,8.02057,0.34527,0.10999868524670155,0.8911890007361207,1.4268609236791219,0.2540577644633446,0.25845156460482877,0.23837120907068415,0.4488860336637237,0.01876442220727301
115,5.93965,0.36268,0.16166661804640237,0.176714077787342,1.3972887215493648,0.2040730808254647,0.3955213144314318,0.24963796978771363,0.15413442597210428,0.11236476307671647
116,8.03955,0.37007,0.12744229816137864,0.16483564831864653,1.3570562137246445,0.22194463065603673,0.2393059280008839,0.16209390657862016,0.3361320052211556,0.2683371899292657
117,8.05081,0.3462,0.18675479518720856,0.43645012866611277,1.3934354818666042,0.2832141629867721,0.11946433003800801,0.08260087897267689,0.15297175012430492,0.1019448539316594
118,7.95091,0.36218,0.1541331979534838,0.5831388769666247,1.4192147403839572,0.20947937254482862,0.13656343507494378,0.24999473307858208,0.3035156667401495,0.11460854653022004
119,8.03087,0.36191,0.23916809582965037,0.7918944668670906,1.3570869264879477,0.24662259225730027,0.3505971258137396,0.2608104573082173,0.39064749710412017,0.29727802893906
120,8.09644,0.3571,0.28036346035421256,0.6657806282633071,1.4472426531721965,0.2521281153397339,0.24861157673886675,0.07988153690010244,0.2519001487568654,0.12523021531018405
121,8.04507,0.32479,0.2360517062911623,0.17412012517395992,1.3084762922731568,0.20661456266852737,0.44937085347293604,0.18145117443278003,0.11147331988952967,0.2199052038352234
122,8.03458,0.35791,0.24024273723942752,0.31039427972098377,1.427501984222576,0.2253571916178251,0.35840134724729034,0.15018358467472015,0.42707552864278076,0.21325949569103475
123,7.98526,0.35913,0.2751643975283788,0.7402981082563461,1.413201757989037,0.2988303097503121,0.2403423177983634,0.05376783158781803,0.35538727953839666,0.3469918971075749
124,8.00256,0.3303,0.0575739378759406,0.6867186762239377,1.404623124943578,0.2589121348514825,0.41456889129023583,0.226919299544538,0.3076600987268963,0.3284753006149502
125,7.99981,0.32517,0.21351082169994023,0.2150261607998221,1.4070641524869187,0.20266970769600476,0.3352389409646722,0.19812373870112515,0.4280495412320834,0.26199307191721277
126,7.9864,0.33831,0.12712479048574393,0.38544916247896543,1.4142151234183626,0.2811883890753409,0.06194418270242994,0.0688605559674405,0.44062076219609414,0.13349409993764133
127,8.0328,0.34663,0.0926513462521532,0.8993424425351295,1.4205710657902195,0.2493357312764837,0.12939068795892977,0.2590015344712273,0.3087069821953139,0.1059424595597387
128,7.98378,0.33599,0.18368792646919646,0.5689125432864354,1.3947805445720052,0.27427613333926215,0.4084426670891566,0.3062211313445385,0.11069456488539468,0.06442828229375695
129,8.00926,0.33011,0.17085929715060172,0.8371241836651026,1.4693586358102357,0.25186008016884,0.27472180229936516,0.21913908806148347,0.3687524056842799,0.2298423592687806
130,8.0202,0.35618,0.19335480996172677,0.8641821474266214,1.4406749417782208,0.21600161531650947,0.19112657243929987,0.01863423200258818,0.30852529287935404,0.38955455353714785
131,7.95376,0.35894,0.05863448711725218,0.511898422654484,1.3232523873699777,0.28303492236570904,0.1423202525464308,0.11562542522219266,0.41891027426577687,0.3169109049259861
132,8.06441,0.33551,0.11627673530482084,0.585328606291961,1.4946627525341727,0.29402660355486304,0.33339378343385523,0.17669711520337933,0.1477543758665066,0.3657063112855352
133,7.96926,0.33832,0.15226389184231975,0.5696344147522744,1.3919914355733882,0.26260082913929983,0.24314113497847423,0.021159880930577288,0.12086854638144226,0.35593572078564256
134,7.99414,0.33975,0.12620505127440784,0.18423414297430735,1.420266448137054,0.29214399069404706,0.42037072637740464,0.16106923087742675,0.2167465244560769,0.17701829041761166
135,7.98034,0.34723,0.09972506608110283,0.4717887645549118,1.3923719539598434,0.23900504925453217,0.2516445880797316,0.1739744065842597,0.21096861221367147,0.0591548909328377
136,7.99515,0.35162,0.23020255209678064,0.48653557689335847,1.309175939724826,0.26122689733295007,0.23628879227410277,0.09529864528822966,0.2447838090198736,0.2193673697823404
137,8.033,0.34845,0.21159585966036,0.36124385603663645,1.422764855445209,0.28294928095120275,0.3841547571111771,0.20120429783252006,0.20013282283499614,0.36202390256806516
138,8.03357,0.33994,0.29215625889672564,0.3495198875974853,1.3903706657451462,0.2666057303693854,0.17639965227182142,0.025512269141766256,0.14309982077294395,0.3725202534991695
139,8.03584,0.33879,0.11150149530094226,0.31553873159425694,1.3839443521017767,0.20722200032273602,0.19613456976983595,0.09177532382588599,0.28187302627887023,0.35080490851868884
140,8.04148,0.33115,0.13924691614738355,0.4393008570312137,1.4967959679943998,0.2391225641253945,0.318000278061633,0.022191316050436928,0.1413677062937735,0.23116395708286624
141,7.89738,0.35009,0.12869679850867022,0.3396027033373342,1.3785905298104013,0.22976243633704407,0.2685489881431631,0.3069862063568601,0.21459029922154427,0.2676548515490262
142,8.03769,0.3204,0.13449257722887648,0.881482519653654,1.3140682835468227,0.22107797367155554,0.3024548204501875,0.21251973270001548,0.24416025120163873,0.39545309463405476
143,7.98467,0.3545,0.29945507597364945,0.9106700755462941,1.344809821106892,0.2553953076127683,0.077287919963399,0.3233062828894439,0.21486589693618185,0.3724092912748487
144,7.93543,0.32368,0.20471940812246864,0.2492822233481033,1.3385316018401427,0.24686179170008185,0.2607898794114572,0.15486328146925135,0.27280959528821863,0.2766428462899331
145,8.01656,0.33412,0.08404878637329723,0.2843622078768874,1.3447510645672738,0.2686568124780524,0.43578947660212103,0.04503798181879696,0.13919395285980146,0.31035479407656813
146,7.95208,0.32091,0.14611389689091892,0.1735218752334231,1.3547810347298879,0.2900491096316475,0.21849790331819413,0.07758510246890145,0.42694422606051796,0.2384747626353305
147,7.97287,0.35852,0.15344357295502586,0.10171189353300991,1.463492744340044,0.28880819964437154,0.18935013673011153,0.24884643885281277,0.12085267232298877,0.0915695049216418
148,7.9594,0.35137,0.058315382341504754,0.5347014352988257,1.374965673525094,0.2950260175515793,0.17531099141070183,0.3312390178691816,0.1861521963334718,0.19257479392587495
149,7.94832,0.33046,0.20860341955613726,0.3127412669251714,1.4864004894602967,0.20163010255292574,0.20683212611718815,0.1529609091791984,0.10746661866776389,0.04499111495894298
150,7.96207,0.33977,0.09822256839498987,0.8688993723715058,1.321044003586412,0.2078405317683014,0.19255375505357336,0.3073029393833998,0.4119198415478591,0.31972764084658256
151,7.96166,0.35139,0.08652607556977925,0.2914115154182764,1.4957727138693053,0.20924306340208837,0.27941806940067043,0.03750416399767827,0.3681744446348777,0.20144673364617566
152,7.95618,0.34418,0.19327805040027984,0.22408435179332864,1.3484222939491157,0.20636763480259546,0.11415573346926872,0.2258026795802662,0.2021751951311655,0.37908584117562527
153,8.03153,0.34015,0.2785579382808326,0.8282067915593347,1.366108704170695,0.21652353398803964,0.2854850177952503,0.10647002410766043,0.20749022284738977,0.14088450760845272
154,8.02521,0.35969,0.16203635439622305,0.4902725254743555,1.3973086688917356,0.27337421517728117,0.34790964227546656,0.2726038823383216,0.4274931520557671,0.1516449786194074
155,7.93211,0.35969,0.11901572865236291,0.4355442046054502,1.3714225167848693,0.20283776964982475,0.2429536413777154,0.08646951556213583,0.3842578596709716,0.25852599286893785
156,8.00156,0.34366,0.1790087774263543,0.3621862255362869,1.4914986974320366,0.2831037093461238,0.2728474979728634,0.037008345891338564,0.2895062781915562,0.31250891917539914
157,7.95653,0.34364,0.07659964585965377,0.567755473392095,1.4321821441095892,0.20745315534768394,0.3745901672058807,0.13427634276641578,0.33714738475616723,0.3631428234133436
158,8.04361,0.3444,0.11315807172809526,0.6257208204495821,1.443018902665728,0.29409519188341915,0.21280964744872943,0.15610339028839898,0.392767805602243,0.3923413363956228
159,8.11769,0.33333,0.05326697035320081,0.5712589978937715,1.3248805096792122,0.2545061695085844,0.2498041304817819,0.13317956325085548,0.21890050996401883,0.08716367644924584
160,8.0135,0.35268,0.2906422804828217,0.5390887335489827,1.4317298378877805,0.2479149854914335,0.2675639065859356,0.24856233948248055,0.3478401662534544,0.04374486026941066
161,7.89937,0.3275,0.09042920170431847,0.4867036270841857,1.3649184170063287,0.2631071268520287,0.4352717473774596,0.02254654747885996,0.35997849902850576,0.2943191741341336
162,7.96518,0.34624,0.15592532644977714,0.6274953372278607,1.4369390742100707,0.22321849960112214,0.36832977026423114,0.07279166985732213,0.40837108757403373,0.19126742434426613
163,8.02415,0.34752,0.1922577412502387,0.7134816173602369,1.4617947832899167,0.2329991401403015,0.2630290758600932,0.06773272578125544,0.20654256964895867,0.2526599036807484
164,8.01671,0.34245,0.16004344323817743,0.19205084676900175,1.3950884198165723,0.22159667048813556,0.08653119952163543,0.06527290253957449,0.31424485800507324,0.3879930744173438
165,8.01072,0.34195,0.12621496808109722,0.1400267708217645,1.4022055345297346,0.2988821098974005,0.09458695791088362,0.09865540925663184,0.11213165036332237,0.19165392599173336
166,8.10856,0.34335,0.2096617507984146,0.37801208424599597,1.4619938262676189,0.28532282537000475,0.3698654569264676,0.29035743160897254,0.25606134834256,0.07419492348043055
167,8.02934,0.34268,0.28419216658827545,0.6560502493392371,1.3492439122013455,0.21822682787091888,0.32670750465254494,0.06168573190783472,0.24389664972551825,0.3186247484358262
168,7.90993,0.35111,0.07449986947249758,0.494918039223987,1.4052790645239803,0.26224149051628437,0.11588605452861378,0.20916630978426437,0.1216529826361975,0.1451076081470136
169,7.98752,0.3386,0.2210371728143975,0.9209024425944734,1.469207245065744,0.2756784926609954,0.07210244721138648,0.23085189437580458,0.36755391942863946,0.06121152535995854
170,8.01583,0.34885,0.17800141492786364,0.17295082296671443,1.3831783993927649,0.25768630439144236,0.29668743572594286,0.11913981215189279,0.12298302790583032,0.3597653959912141
171,8.02609,0.34744,0.2896695142426071,0.8025878963375007,1.3491943230573091,0.28857882595599915,0.06928528194430826,0.19590583474094955,0.11931868629469944,0.3920430444692494
172,7.97428,0.32457,0.22164775598593062,0.7972230871356836,1.4013228578127084,0.2597130830158484,0.26803697891859846,0.13689447156541598,0.14341730530834437,0.2921600815378019
173,7.53418,0.2862,0.2824204990781089,0.34157365940712303,1.3825741068663266,0.29245888792715424,0.14518491484572787,0.1696064293351077,0.16301441065126482,0.30212868761656975
174,6.12003,0.37923,0.07458119622741234,0.8912596502859124,1.4546628340772687,0.22884708146160604,0.07726651311294584,0.23077107003187122,0.2982429464997125,0.2946791582634658
175,7.99897,0.36173,0.1922763202889501,0.15156035429127035,1.3471314739244282,0.23985710524577725,0.31652703084765216,0.10754651208456126,0.3124884341823019,0.2286714838657639
176,8.03584,0.32539,0.1391364734716074,0.9253981665954365,1.4654460906589695,0.27691711179317635,0.18889919311129788,0.18779847763570504,0.19955970769954623,0.1687078088871231
177,7.94808,0.36769,0.2398946249799721,0.5750769640878572,1.3037091157211524,0.28686886995068617,0.18831488316732942,0.20924992765120032,0.32661474890791214,0.1016374337252631
178,7.68999,0.30024,0.2478503707700525,0.5597266042331157,1.3489268984431932,0.262864996643038,0.1711366222195636,0.27970103390377965,0.29158539366407055,0.33572693778472684
